0 1.27533
0.05 1.29408
0.1 1.31102
0.15 1.33156
0.2 0.66561
0.25 0.74032
0.3 0.64492
0.35 0.73904
0.4 1.23872
0.45 1.32505
0.5 1.22336
0.55 1.34984
0.6 0.65349
0.65 0.66238
0.7 0.76522
0.75 0.65892
0.8 1.34845
0.85 1.3281
0.9 1.32934
0.95 1.34236
1 1.23804
1.05 1.30713
1.1 1.29057
1.15 1.32195
1.2 0.70908
1.25 0.77208
1.3 0.77635
1.35 0.71712
1.4 1.3498
1.45 1.36423
1.5 1.37852
1.55 1.36434
1.6 1.29862
1.65 1.28082
1.7 1.24216
1.75 1.24024
1.8 0.69851
1.85 0.77164
1.9 0.73843
1.95 0.74384
2 0.70865
2.05 0.71748
2.1 0.6738
2.15 0.68313
2.2 0.74018
2.25 0.65311
2.3 0.71532
2.35 0.71902
2.4 1.35528
2.45 1.35427
2.5 1.3789
2.55 1.26994
2.6 1.37636
2.65 1.29709
2.7 1.32085
2.75 1.30182
2.8 0.64278
2.85 0.72241
2.9 0.71672
2.95 0.62832
3 1.34445
3.05 1.29719
3.1 1.32469
3.15 1.3455
3.2 0.6238
3.25 0.72471
3.3 0.71489
3.35 0.76437
3.4 1.36796
3.45 1.35914
3.5 1.25501
3.55 1.34191
3.6 1.2778
3.65 1.37967
3.7 1.31004
3.75 1.24431
3.8 0.64313
3.85 0.77377
3.9 0.66119
3.95 0.65558
4 1.2787
4.05 1.29397
4.1 1.35639
4.15 1.34495
4.2 1.26616
4.25 1.3165
4.3 1.25794
4.35 1.274
4.4 0.77791
4.45 0.74367
4.5 0.66659
4.55 0.76008
4.6 0.72106
4.65 0.76865
4.7 0.63159
4.75 0.67852
4.8 0.70628
4.85 0.73706
4.9 0.77266
4.95 0.75094
5 1.28842
5.05 1.22939
5.1 1.2933
5.15 1.26363
5.2 1.29245
5.25 1.34909
5.3 1.31157
5.35 1.34035
5.4 0.66654
5.45 0.62002
5.5 0.77407
5.55 0.63671
5.6 1.24772
5.65 1.36737
5.7 1.35933
5.75 1.27209
5.8 0.74922
5.85 0.63448
5.9 0.64629
5.95 0.62423
6 1.33845
6.05 1.30903
6.1 1.285
6.15 1.26805
6.2 1.35146
6.25 1.2487
6.3 1.23884
6.35 1.26474
6.4 0.62372
6.45 0.70244
6.5 0.74257
6.55 0.73482
6.6 1.34222
6.65 1.35098
6.7 1.22974
6.75 1.22332
6.8 1.27108
6.85 1.37135
6.9 1.28145
6.95 1.34336
7 0.69853
7.05 0.62829
7.1 0.65083
7.15 0.68994
7.2 0.6237
7.25 0.69133
7.3 0.77016
7.35 0.76061
7.4 0.77462
7.45 0.77845
7.5 0.64549
7.55 0.67422
7.6 1.2612
7.65 1.23864
7.7 1.27397
7.75 1.30003
7.8 1.27613
7.85 1.31751
7.9 1.27787
7.95 1.23068
8 0.76169
8.05 0.64824
8.1 0.75511
8.15 0.69879
8.2 1.30842
8.25 1.32853
8.3 1.24099
8.35 1.32532
8.4 0.76327
8.45 0.76261
8.5 0.72544
8.55 0.647
8.6 1.36411
8.65 1.2955
8.7 1.32414
8.75 1.31611
8.8 1.27368
8.85 1.24372
8.9 1.3619
8.95 1.36524
9 0.64531
9.05 0.65086
9.1 0.68034
9.15 0.62271
9.2 1.26641
9.25 1.35181
9.3 1.27486
9.35 1.30183
9.4 1.27612
9.45 1.35192
9.5 1.31537
9.55 1.30956
9.6 0.72277
9.65 0.76206
9.7 0.64438
9.75 0.71553
9.8 0.68274
9.85 0.74267
9.9 0.68135
9.95 0.72437
END
